embedding/embeddings:0
(26, 2)
[[ 0.32324597 -0.6446619 ]
 [ 0.32896346 -0.3969939 ]
 [-0.15868118  0.11184569]
 [-0.7030673   0.10958336]
 [-0.43780515  0.10515706]
 [ 0.33313107 -1.2015133 ]
 [-0.1815441  -0.16202368]
 [-0.49759936  0.00541116]
 [-0.03671178  1.8584801 ]
 [-1.5636941   0.24036   ]
 [-1.2365427  -0.9485593 ]
 [-0.74180555  1.4930815 ]
 [ 0.0811162  -0.84300166]
 [ 0.66476774 -1.2683061 ]
 [ 1.2156444   0.23560514]
 [ 0.08909351 -0.5579379 ]
 [-0.7916318   0.5643408 ]
 [ 0.15982942 -1.7620028 ]
 [-0.83006287  0.20357728]
 [-1.5917435   1.124056  ]
 [ 0.24890871  0.8360065 ]
 [-0.22662488 -2.973512  ]
 [ 0.8957593  -0.4858017 ]
 [ 1.0819224  -1.4974148 ]
 [-0.0156106   1.5333796 ]
 [-0.0353582   0.01978463]]
simple_rnn/kernel:0
(2, 3)
[[-2.1975751e+00  7.0097375e-01  2.5943050e+00]
 [-1.8129693e-03  1.6689425e+00 -2.1405151e+00]]
simple_rnn/recurrent_kernel:0
(3, 3)
[[ 2.8658261  -0.7699885  -0.87304676]
 [-1.4965779  -1.4530149  -2.1632092 ]
 [ 1.0731825   2.306306   -0.15061493]]
simple_rnn/bias:0
(3,)
[-0.35595572  0.18568498 -0.09135852]
dense/kernel:0
(3, 26)
[[-0.24319196 -0.22446488 -0.24121751 -0.24110845 -5.849887   -4.6499453
   5.0073423   4.929511    5.6969137  -0.2715262   7.171677    5.2329392
   3.2000604  -0.05428322  0.3133933  -6.486386   -5.4382186  -5.6738696
  -5.78316     3.7299135   7.4025455   4.299121    6.436514   -0.21186809
  -4.406616   -2.0325513 ]
 [ 0.27044538  0.24668814  0.26978475  0.2375541  -7.7956038  -5.287994
  -0.37583053  5.7955465   0.32465136 -1.6198703  -6.5926228  -7.159585
   6.6617618  -8.266989   -4.5308676   6.886348    2.3547575  -0.07234627
  -7.0968175   6.2754965  -6.877672   -0.66712236 -6.6452255   5.3099737
  -0.18196565  6.7760606 ]
 [ 0.05844082  0.12476423  0.09479892  0.0839569  -6.1330166   0.0320514
   7.245035    3.5160465  -7.3556185  -5.8060675  -5.9444237   0.66357076
  -9.592802   -3.335591    5.757304    3.552815   -0.8316245  -7.1412125
   7.031772   -2.3505564  -5.363628   -0.1955382   7.682561    5.3719087
   5.6314626  -5.037404  ]]
dense/bias:0
(26,)
[-0.9032255  -0.87630224 -0.89241177 -0.9042347  -2.216868    3.5084317
  0.7733835   0.33350867  0.7148102   4.7743506  -2.8020184   1.4413837
 -2.1404648   2.2136872   3.3229356  -1.2646858   4.3183327   1.0051327
 -3.2113616   2.3546154  -2.7454085   5.533162   -3.433358    1.7383591
  2.5916455   2.3190687 ]
